0,523
0,522
0,521
0,520
0,519
0,518
0,517
0,516
0,515
0,514
78,4
0,513
78,3
78,2
78,1
78,0
77,3
77,2
77,1
77,0
0,512
76,3
76,2
76,1
76,0
75,3
75,2
0,511
0,510
75,1
75,0
74,3
74,2
74,1
74,0
73,3
73,2
73,1
73,0
72,3
72,2
72,1
72,0
71,3
71,2
71,1
71,0
70,3
70,2
70,1
70,0
0,509
69,3
69,2
69,1
69,0
0,508
0,507
0,506
0,505
68,3
68,2
68,1
68,0
0,504
67,3
67,2
0,503
67,1
67,0
0,502
0,501
66,3
66,2
66,1
66,0
0,500
0,499
65,3
65,2
65,1
65,0
64,3
64,2
64,1
64,0
63,3
63,2
63,1
63,0
62,3
62,2
62,1
62,0
61,3
61,2
61,1
61,0
60,3
60,2
60,1
60,0
0,498
0,497
0,496
0,495
59,3
59,2
0,494
59,1
59,0
0,493
0,492
0,491
0,490
58,3
58,2
58,1
58,0
57,3
57,2
0,489
57,1
57,0
0,488
0,487
0,486
0,485
14,5
14,4
14,2
14,0
0,484
0,483
0,482
56,5
56,4
56,3
56,2
0,481
56,1
56,0
0,480
0,479
0,478
0,477
0,476
55,4
55,3
55,2
0,475
55,1
55,0
0,474
